
Evaluating for target word: 'bank'
Definition: A financial institution that accepts deposits and channels the money into lending activities.
Threshold  | Precision  | Recall     | F1 Score   | Accuracy  
------------------------------------------------------------
0.10       | 0.5000     | 0.8649     | 0.6337     | 0.5316    
0.15       | 0.5000     | 0.8649     | 0.6337     | 0.5316    
0.20       | 0.5000     | 0.8649     | 0.6337     | 0.5316    
0.25       | 0.5000     | 0.8649     | 0.6337     | 0.5316    
0.30       | 0.5000     | 0.8649     | 0.6337     | 0.5316    
0.35       | 0.5246     | 0.8649     | 0.6531     | 0.5696    
0.40       | 0.6531     | 0.8649     | 0.7442     | 0.7215    
0.45       | 0.7111     | 0.8649     | 0.7805     | 0.7722    
0.50       | 0.8421     | 0.8649     | 0.8533     | 0.8608    
0.55       | 0.8857     | 0.8378     | 0.8611     | 0.8734    
0.60       | 1.0000     | 0.7027     | 0.8254     | 0.8608    
0.65       | 1.0000     | 0.2973     | 0.4583     | 0.6709    
0.70       | 1.0000     | 0.0541     | 0.1026     | 0.5570    
0.75       | 0.0000     | 0.0000     | 0.0000     | 0.5316    
0.80       | 0.0000     | 0.0000     | 0.0000     | 0.5316    
0.85       | 0.0000     | 0.0000     | 0.0000     | 0.5316    
0.90       | 0.0000     | 0.0000     | 0.0000     | 0.5316    
0.95       | 0.0000     | 0.0000     | 0.0000     | 0.5316    
------------------------------------------------------------
Best F1 Score: 0.8611 at Threshold: 0.55

Evaluating for target word: 'cell'
Definition: A small room in which a prisoner is locked up.
Threshold  | Precision  | Recall     | F1 Score   | Accuracy  
------------------------------------------------------------
0.10       | 0.5072     | 0.9722     | 0.6667     | 0.5455    
0.15       | 0.5072     | 0.9722     | 0.6667     | 0.5455    
0.20       | 0.5072     | 0.9722     | 0.6667     | 0.5455    
0.25       | 0.5072     | 0.9722     | 0.6667     | 0.5455    
0.30       | 0.5224     | 0.9722     | 0.6796     | 0.5714    
0.35       | 0.5385     | 0.9722     | 0.6931     | 0.5974    
0.40       | 0.5932     | 0.9722     | 0.7368     | 0.6753    
0.45       | 0.6140     | 0.9722     | 0.7527     | 0.7013    
0.50       | 0.7143     | 0.9722     | 0.8235     | 0.8052    
0.55       | 0.7907     | 0.9444     | 0.8608     | 0.8571    
0.60       | 0.8919     | 0.9167     | 0.9041     | 0.9091    
0.65       | 1.0000     | 0.7500     | 0.8571     | 0.8831    
0.70       | 1.0000     | 0.3056     | 0.4681     | 0.6753    
0.75       | 1.0000     | 0.0278     | 0.0541     | 0.5455    
0.80       | 0.0000     | 0.0000     | 0.0000     | 0.5325    
0.85       | 0.0000     | 0.0000     | 0.0000     | 0.5325    
0.90       | 0.0000     | 0.0000     | 0.0000     | 0.5325    
0.95       | 0.0000     | 0.0000     | 0.0000     | 0.5325    
------------------------------------------------------------
Best F1 Score: 0.9041 at Threshold: 0.60

Evaluating for target word: 'bat'
Definition: A mainly nocturnal mammal capable of sustained flight, with membranous wings.
Threshold  | Precision  | Recall     | F1 Score   | Accuracy  
------------------------------------------------------------
0.10       | 0.5000     | 0.7000     | 0.5833     | 0.5000    
0.15       | 0.5000     | 0.7000     | 0.5833     | 0.5000    
0.20       | 0.5000     | 0.7000     | 0.5833     | 0.5000    
0.25       | 0.5000     | 0.7000     | 0.5833     | 0.5000    
0.30       | 0.5000     | 0.7000     | 0.5833     | 0.5000    
0.35       | 0.5385     | 0.7000     | 0.6087     | 0.5500    
0.40       | 0.5833     | 0.7000     | 0.6364     | 0.6000    
0.45       | 0.6364     | 0.7000     | 0.6667     | 0.6500    
0.50       | 0.8750     | 0.7000     | 0.7778     | 0.8000    
0.55       | 0.8750     | 0.7000     | 0.7778     | 0.8000    
0.60       | 1.0000     | 0.6000     | 0.7500     | 0.8000    
0.65       | 1.0000     | 0.3000     | 0.4615     | 0.6500    
0.70       | 1.0000     | 0.2000     | 0.3333     | 0.6000    
0.75       | 1.0000     | 0.1000     | 0.1818     | 0.5500    
0.80       | 0.0000     | 0.0000     | 0.0000     | 0.5000    
0.85       | 0.0000     | 0.0000     | 0.0000     | 0.5000    
0.90       | 0.0000     | 0.0000     | 0.0000     | 0.5000    
0.95       | 0.0000     | 0.0000     | 0.0000     | 0.5000    
------------------------------------------------------------
Best F1 Score: 0.7778 at Threshold: 0.50

Evaluating for target word: 'apple'
Definition: The round fruit of a tree of the rose family, which typically has thin red or green skin and crisp flesh.
Threshold  | Precision  | Recall     | F1 Score   | Accuracy  
------------------------------------------------------------
0.10       | 0.5294     | 0.9000     | 0.6667     | 0.5000    
0.15       | 0.5294     | 0.9000     | 0.6667     | 0.5000    
0.20       | 0.5294     | 0.9000     | 0.6667     | 0.5000    
0.25       | 0.5294     | 0.9000     | 0.6667     | 0.5000    
0.30       | 0.5294     | 0.9000     | 0.6667     | 0.5000    
0.35       | 0.5294     | 0.9000     | 0.6667     | 0.5000    
0.40       | 0.6000     | 0.9000     | 0.7200     | 0.6111    
0.45       | 0.6923     | 0.9000     | 0.7826     | 0.7222    
0.50       | 0.7500     | 0.9000     | 0.8182     | 0.7778    
0.55       | 0.8000     | 0.8000     | 0.8000     | 0.7778    
0.60       | 0.8000     | 0.4000     | 0.5333     | 0.6111    
0.65       | 0.0000     | 0.0000     | 0.0000     | 0.3889    
0.70       | 0.0000     | 0.0000     | 0.0000     | 0.4444    
0.75       | 0.0000     | 0.0000     | 0.0000     | 0.4444    
0.80       | 0.0000     | 0.0000     | 0.0000     | 0.4444    
0.85       | 0.0000     | 0.0000     | 0.0000     | 0.4444    
0.90       | 0.0000     | 0.0000     | 0.0000     | 0.4444    
0.95       | 0.0000     | 0.0000     | 0.0000     | 0.4444    
------------------------------------------------------------
Best F1 Score: 0.8182 at Threshold: 0.50

Evaluating for target word: 'date'
Definition: The day of the month or year as specified by a number.
Threshold  | Precision  | Recall     | F1 Score   | Accuracy  
------------------------------------------------------------
0.10       | 0.6250     | 1.0000     | 0.7692     | 0.7000    
0.15       | 0.6250     | 1.0000     | 0.7692     | 0.7000    
0.20       | 0.6250     | 1.0000     | 0.7692     | 0.7000    
0.25       | 0.6250     | 1.0000     | 0.7692     | 0.7000    
0.30       | 0.6250     | 1.0000     | 0.7692     | 0.7000    
0.35       | 0.6250     | 1.0000     | 0.7692     | 0.7000    
0.40       | 0.7143     | 1.0000     | 0.8333     | 0.8000    
0.45       | 0.9000     | 0.9000     | 0.9000     | 0.9000    
0.50       | 1.0000     | 0.9000     | 0.9474     | 0.9500    
0.55       | 1.0000     | 0.7000     | 0.8235     | 0.8500    
0.60       | 1.0000     | 0.3000     | 0.4615     | 0.6500    
0.65       | 0.0000     | 0.0000     | 0.0000     | 0.5000    
0.70       | 0.0000     | 0.0000     | 0.0000     | 0.5000    
0.75       | 0.0000     | 0.0000     | 0.0000     | 0.5000    
0.80       | 0.0000     | 0.0000     | 0.0000     | 0.5000    
0.85       | 0.0000     | 0.0000     | 0.0000     | 0.5000    
0.90       | 0.0000     | 0.0000     | 0.0000     | 0.5000    
0.95       | 0.0000     | 0.0000     | 0.0000     | 0.5000    
------------------------------------------------------------
Best F1 Score: 0.9474 at Threshold: 0.50

============================================================
GLOBAL OPTIMIZATION
============================================================
Threshold  | Avg F1    
-------------------------
0.10       | 0.6639    
0.15       | 0.6639    
0.20       | 0.6639    
0.25       | 0.6639    
0.30       | 0.6665    
0.35       | 0.6781    
0.40       | 0.7341    
0.45       | 0.7765    
0.50       | 0.8440    
0.55       | 0.8246    
0.60       | 0.6949    
0.65       | 0.3554    
0.70       | 0.1808    
0.75       | 0.0472    
0.80       | 0.0000    
0.85       | 0.0000    
0.90       | 0.0000    
0.95       | 0.0000    
-------------------------
Best Global Average F1: 0.8440 at Threshold: 0.50
